[[70.50291932 70.49911309 69.77924602 70.28400259 70.22950562 69.78037659
  69.36963845 69.42545805 69.35392961 69.34661979 69.25066729 69.08539267
  68.59213291 68.31533647 67.94806912 67.5611961  67.4258988  66.79093769
  66.15517297 66.49318641 66.29725712 64.9283792  65.29968854 64.50210541
  63.57923958 63.32422251 62.49881345 61.66945311 61.67519706 60.9913636
  59.98001141 59.33840556 58.59997313 57.86508537 56.87138783 56.66006524
  55.44343031 55.22519592 53.9032825  52.98630545 52.88018798 51.41695262
  50.6293252  49.26906589 48.97099681 47.70667921 46.54129283 45.53150339
  44.21559224 43.532116   43.04157852 41.42776545 40.07666479 39.15441551
  37.45935087 36.51623495 35.6563396  33.84480355 33.39204321 31.85706669
  30.67833705 28.74303339 27.95890334 26.29896443 25.07437604 23.81049899
  23.00769913 21.39108755 19.24027474 17.75428079 16.16162606 14.84365861
  13.896876   11.92611411 10.8061466   8.93082205  7.77434392  6.31517354
   4.38838408  2.45017261  0.3873367  -0.4610418  -2.73259471]
 [69.43001418 69.35442391 69.01059197 69.19885281 69.02383851 68.95471606
  68.53755371 68.36159747 68.54116606 68.33476709 68.08658017 67.93790877
  67.51740821 67.65503613 66.9729789  66.67116896 66.36949022 65.97279936
  65.5379555  65.12821872 64.73279659 63.70663657 63.78071586 63.54581517
  62.7319313  62.5407657  61.29184549 60.49886274 60.74692393 59.59988055
  59.25871948 58.92394733 57.96321165 56.84057634 55.9379722  55.96245733
  54.45597531 54.16660021 52.98913937 52.24943185 51.38762692 50.7532924
  49.51185627 48.22702885 48.14147858 46.96644627 45.80683251 44.49948519
  43.33571094 42.3440489  42.10952547 40.32369011 39.58513491 37.68226171
  36.96765258 35.40655128 34.6353808  32.99144963 32.41100049 30.46026413
  29.90519368 27.9357867  27.42387085 25.41363829 23.76019017 22.66713873
  21.76732179 20.44640057 18.124096   16.80146597 15.13534664 13.94987521
  12.57394687 10.88757394  9.52429325  8.09745483  6.31358387  5.23613584
   3.35308975  1.72741639 -0.08936493 -1.81192816 -3.6132231 ]
 [68.53272719 68.14848092 68.11061048 68.63255017 68.19065527 67.85291715
  67.86078086 67.45083589 67.57966166 67.32789966 66.86516372 66.84803509
  66.79700076 66.27369291 65.66324502 65.85505551 65.33011244 64.99720746
  64.23191439 64.15458762 63.82958723 62.92080521 63.16083832 62.24957302
  61.86069875 61.33852882 60.76971805 59.98808194 59.86972623 58.61079226
  58.08606479 57.8338768  56.90954041 55.8269556  55.25584857 54.75316175
  53.95616679 52.9263105  52.03996122 51.49832237 50.84292381 49.69098373
  48.51115332 47.45935525 46.89867521 46.30176463 44.98036399 43.54549599
  42.14124734 41.51125223 40.62375562 39.25580499 38.17836933 36.79962389
  36.00908487 34.62823383 34.11466326 31.92140679 31.14220303 29.43732393
  28.74938364 26.94799509 26.24052567 24.16781612 22.77212877 21.68858529
  20.44630909 19.4343641  17.57911816 15.73750664 14.64439395 13.06522826
  11.85686847  9.91584279  8.97232461  7.36825533  5.61496266  4.12988923
   2.25286205  0.61183078 -1.10243455 -2.70954246 -4.40872333]
 [67.57613533 67.38042174 66.91186113 67.34048287 66.94827149 66.64671802
  66.5940641  66.42210039 66.41843437 66.66621191 65.93523558 65.90008788
  66.04907559 65.58999937 65.09597704 64.84362465 64.25703322 64.18519791
  63.30429632 63.26581788 62.85592389 61.89996744 61.86950427 61.29021552
  60.67997873 60.48562337 59.32484591 58.94206766 58.79904464 57.59635754
  56.81551799 56.4862205  55.61494929 54.83044196 54.09181488 53.71992531
  52.82560642 51.82424972 50.84221905 49.92181566 49.3684127  48.67326771
  47.53069505 46.30270381 45.62643808 45.31518632 43.51680949 42.62112546
  41.46742134 40.70807794 39.75008697 38.44804586 37.6532441  35.83017957
  34.68389128 33.82712375 33.03737768 31.16664215 30.11405597 28.47075172
  27.64464426 25.78868021 25.01110453 23.65274249 21.63477978 20.83813899
  19.66188268 18.39887667 16.5012105  15.05770393 13.12948656 11.77751598
  10.7049186   9.07982822  7.72141735  6.08470373  4.82553249  3.28771418
   1.57003945 -0.22641832 -2.57561395 -3.73984879 -5.94498819]
 [66.57606528 65.96245245 66.09546152 66.23532582 65.77126572 65.83273855
  65.81725078 65.77777948 65.78359456 65.28532518 65.11261213 64.706984
  64.55624524 64.30242597 63.95541769 63.70552305 63.46728515 63.08687321
  62.52925273 62.05078982 61.91740257 61.24430922 60.85600504 60.2051031
  60.00186837 59.19510826 58.26025004 57.70266047 57.46007552 56.58114008
  56.27951599 55.79034105 54.4639515  53.81599706 52.97293352 52.53005409
  51.50915602 51.13242718 50.16283974 49.38952869 48.31575301 47.55368388
  46.95457253 45.11711509 44.60788474 44.31281683 42.48912251 41.54540326
  40.16185387 39.76400543 38.95064289 37.28355487 36.15999113 35.14489223
  33.7170084  32.33855804 31.98467306 29.98349519 28.98909771 27.49765501
  26.59142711 25.2475457  23.94994524 22.3983844  21.10108333 20.2196106
  18.99898023 17.12896497 15.6399376  14.06635556 12.49410912 10.74823172
   9.59178412  8.00635777  6.70212059  5.22898756  3.30252527  2.17206801
   0.65245399 -1.55722328 -3.3277972  -4.71284051 -6.47965918]]